0.0
0.5344333333333341
0.6622007936507915
0.7134861674273428
0.7432039239699053
0.7557549915718977
0.7380788831004343
0.7273108215997911
0.7251863265314575
0.7251133082117407
0.7251133082117407
0.7251133082117407
0.7251133082117407
0.7251133082117407
0.7251133082117407
0.7251133082117407
0.7251133082117407
0.7251133082117407
0.7251133082117407
0.7251133082117407
0.7251133082117407
0.7251133082117407
0.7251133082117407
0.7251133082117407
0.7251133082117407
0.7251133082117407
0.7251133082117407
0.7251133082117407
0.7251133082117407
0.7251133082117407
0.7251133082117407
0.7251133082117407
0.7251133082117407
0.7251133082117407
0.7251133082117407
0.7251133082117407
0.7251133082117407
0.7251133082117407
0.7251133082117407
0.7251133082117407
0.7251133082117407
0.7251133082117407
0.7251133082117407
0.7251133082117407
0.7251133082117407
0.7251133082117407
0.7251133082117407
0.7251133082117407
0.7251133082117407
0.7251133082117407
0.7251133082117407
0.7251133082117407
0.7251133082117407
0.7251133082117407
0.7251133082117407
0.7251133082117407
0.7251133082117407
0.7251133082117407
0.7251133082117407
0.7251133082117407
0.7251133082117407
0.7251133082117407
0.7251133082117407
0.7251133082117407
0.7251133082117407
0.7251133082117407
0.7251133082117407
0.7251133082117407
0.7251133082117407
0.7251133082117407
0.7251133082117407
0.7251133082117407
0.7251133082117407
0.7251133082117407
0.7251133082117407
0.7251133082117407
0.7251133082117407
0.7251133082117407
0.7251133082117407
0.7251133082117407
0.7251133082117407
0.7251133082117407
0.7251133082117407
0.7251133082117407
0.7251133082117407
0.7251133082117407
0.7251133082117407
0.7251133082117407
0.7251133082117407
0.7251133082117407
0.7251133082117407
0.7251133082117407
0.7251133082117407
0.7251133082117407
0.7251133082117407
0.7251133082117407
0.7251133082117407
0.7251133082117407
0.7251133082117407
0.7251133082117407
0.7251133082117407
0.7251133082117407
0.7251133082117407
0.7251133082117407
0.7251133082117407
0.7251133082117407
0.7251133082117407
0.7251133082117407
0.7251133082117407
0.7251133082117407
0.7251133082117407
0.7251133082117407
0.7251133082117407
0.7251133082117407
0.7251133082117407
0.7251133082117407
0.7251133082117407
0.7251133082117407
0.7251133082117407
0.7251133082117407
0.7251133082117407
0.7251133082117407
0.7251133082117407
0.7251133082117407
0.7251133082117407
0.7251133082117407
0.7251133082117407
0.7251133082117407
0.7251133082117407
0.7251133082117407
0.7251133082117407
0.7251133082117407
0.7251133082117407
0.7251133082117407
0.7251133082117407
0.7251133082117407
0.7251133082117407
0.7251133082117407
0.7251133082117407
0.7251133082117407
0.7251133082117407
0.7251133082117407
0.7251133082117407
0.7251133082117407
0.7251133082117407
0.7251133082117407
0.7251133082117407
0.7251133082117407
0.7251133082117407
0.7251133082117407
0.7251133082117407
0.7251133082117407
0.7251133082117407
0.7251133082117407
0.7251133082117407
0.7251133082117407
0.7251133082117407
0.7251133082117407
0.7251133082117407
0.7251133082117407
0.7251133082117407
0.7251133082117407
0.7251133082117407
0.7251133082117407
0.7251133082117407
0.7251133082117407
0.7251133082117407
0.7251133082117407
0.7251133082117407
0.7251133082117407
0.7251133082117407
0.7251133082117407
0.7251133082117407
0.7251133082117407
0.7251133082117407
0.7251133082117407
0.7251133082117407
0.7251133082117407
0.7251133082117407
0.7251133082117407
0.7251133082117407
0.7251133082117407
0.7251133082117407
0.7251133082117407
0.7251133082117407
0.7251133082117407
0.7251133082117407
0.7251133082117407
0.7251133082117407
0.7251133082117407
0.7251133082117407
0.7251133082117407
0.7251133082117407
0.7251133082117407
0.7251133082117407
0.7251133082117407
0.7251133082117407
0.7251133082117407
0.7251133082117407
0.7251133082117407
0.7251133082117407
0.7251133082117407
0.7251133082117407
0.7251133082117407
0.7251133082117407
0.7251133082117407
0.7251133082117407
0.7251133082117407
0.7251133082117407
0.7251133082117407
0.7251133082117407
0.7251133082117407
0.7251133082117407
0.7251133082117407
0.7251133082117407
0.7251133082117407
0.7251133082117407
0.7251133082117407
0.7251133082117407
0.7251133082117407
0.7251133082117407
0.7251133082117407
0.7251133082117407
0.7251133082117407
0.7251133082117407
0.7251133082117407
0.7251133082117407
0.7251133082117407
0.7251133082117407
0.7251133082117407
0.7251133082117407
0.7251133082117407
0.7251133082117407
0.7251133082117407
0.7251133082117407
0.7251133082117407
0.7251133082117407
0.7251133082117407
0.7251133082117407
0.7251133082117407
0.7251133082117407
0.7251133082117407
0.7251133082117407
0.7251133082117407
0.7251133082117407
0.7251133082117407
0.7251133082117407
0.7251133082117407
0.7251133082117407
0.7251133082117407
0.7251133082117407
0.7251133082117407
0.7251133082117407
0.7251133082117407
0.7251133082117407
0.7251133082117407
0.7251133082117407
0.7251133082117407
0.7251133082117407
0.7251133082117407
0.7251133082117407
0.7251133082117407
0.7251133082117407
0.7251133082117407
0.7251133082117407
0.7251133082117407
0.7251133082117407
0.7251133082117407
0.7251133082117407
0.7251133082117407
0.7251133082117407
0.7251133082117407
0.7251133082117407
0.7251133082117407
0.7251133082117407
0.7251133082117407
0.7251133082117407
0.7251133082117407
0.7251133082117407
0.7251133082117407
0.7251133082117407
0.7251133082117407
0.7251133082117407
0.7251133082117407
0.7251133082117407
0.7251133082117407
0.7251133082117407
0.7251133082117407
0.7251133082117407
0.7251133082117407
0.7251133082117407
0.7251133082117407
0.7251133082117407
0.7251133082117407
0.7251133082117407
0.7251133082117407
0.7251133082117407
0.7251133082117407
0.7251133082117407
0.7251133082117407
