0.0
0.5344333333333341
0.661936796536795
0.7170981301464291
0.7376043338358217
0.7491122133984868
0.7518077033693513
0.7399745899563704
0.7286136172405308
0.7278897684016277
0.7278201045805663
0.7278201045805663
0.7278201045805663
0.7278201045805663
0.7278201045805663
0.7278201045805663
0.7278201045805663
0.7278201045805663
0.7278201045805663
0.7278201045805663
0.7278201045805663
0.7278201045805663
0.7278201045805663
0.7278201045805663
0.7278201045805663
0.7278201045805663
0.7278201045805663
0.7278201045805663
0.7278201045805663
0.7278201045805663
0.7278201045805663
0.7278201045805663
0.7278201045805663
0.7278201045805663
0.7278201045805663
0.7278201045805663
0.7278201045805663
0.7278201045805663
0.7278201045805663
0.7278201045805663
0.7278201045805663
0.7278201045805663
0.7278201045805663
0.7278201045805663
0.7278201045805663
0.7278201045805663
0.7278201045805663
0.7278201045805663
0.7278201045805663
0.7278201045805663
0.7278201045805663
0.7278201045805663
0.7278201045805663
0.7278201045805663
0.7278201045805663
0.7278201045805663
0.7278201045805663
0.7278201045805663
0.7278201045805663
0.7278201045805663
0.7278201045805663
0.7278201045805663
0.7278201045805663
0.7278201045805663
0.7278201045805663
0.7278201045805663
0.7278201045805663
0.7278201045805663
0.7278201045805663
0.7278201045805663
0.7278201045805663
0.7278201045805663
0.7278201045805663
0.7278201045805663
0.7278201045805663
0.7278201045805663
0.7278201045805663
0.7278201045805663
0.7278201045805663
0.7278201045805663
0.7278201045805663
0.7278201045805663
0.7278201045805663
0.7278201045805663
0.7278201045805663
0.7278201045805663
0.7278201045805663
0.7278201045805663
0.7278201045805663
0.7278201045805663
0.7278201045805663
0.7278201045805663
0.7278201045805663
0.7278201045805663
0.7278201045805663
0.7278201045805663
0.7278201045805663
0.7278201045805663
0.7278201045805663
0.7278201045805663
0.7278201045805663
0.7278201045805663
0.7278201045805663
0.7278201045805663
0.7278201045805663
0.7278201045805663
0.7278201045805663
0.7278201045805663
0.7278201045805663
0.7278201045805663
0.7278201045805663
0.7278201045805663
0.7278201045805663
0.7278201045805663
0.7278201045805663
0.7278201045805663
0.7278201045805663
0.7278201045805663
0.7278201045805663
0.7278201045805663
0.7278201045805663
0.7278201045805663
0.7278201045805663
0.7278201045805663
0.7278201045805663
0.7278201045805663
0.7278201045805663
0.7278201045805663
0.7278201045805663
0.7278201045805663
0.7278201045805663
0.7278201045805663
0.7278201045805663
0.7278201045805663
0.7278201045805663
0.7278201045805663
0.7278201045805663
0.7278201045805663
0.7278201045805663
0.7278201045805663
0.7278201045805663
0.7278201045805663
0.7278201045805663
0.7278201045805663
0.7278201045805663
0.7278201045805663
0.7278201045805663
0.7278201045805663
0.7278201045805663
0.7278201045805663
0.7278201045805663
0.7278201045805663
0.7278201045805663
0.7278201045805663
0.7278201045805663
0.7278201045805663
0.7278201045805663
0.7278201045805663
0.7278201045805663
0.7278201045805663
0.7278201045805663
0.7278201045805663
0.7278201045805663
0.7278201045805663
0.7278201045805663
0.7278201045805663
0.7278201045805663
0.7278201045805663
0.7278201045805663
0.7278201045805663
0.7278201045805663
0.7278201045805663
0.7278201045805663
0.7278201045805663
0.7278201045805663
0.7278201045805663
0.7278201045805663
0.7278201045805663
0.7278201045805663
0.7278201045805663
0.7278201045805663
0.7278201045805663
0.7278201045805663
0.7278201045805663
0.7278201045805663
0.7278201045805663
0.7278201045805663
0.7278201045805663
0.7278201045805663
0.7278201045805663
0.7278201045805663
0.7278201045805663
0.7278201045805663
0.7278201045805663
0.7278201045805663
0.7278201045805663
0.7278201045805663
0.7278201045805663
0.7278201045805663
0.7278201045805663
0.7278201045805663
0.7278201045805663
0.7278201045805663
0.7278201045805663
0.7278201045805663
0.7278201045805663
0.7278201045805663
0.7278201045805663
0.7278201045805663
0.7278201045805663
0.7278201045805663
0.7278201045805663
0.7278201045805663
0.7278201045805663
0.7278201045805663
0.7278201045805663
0.7278201045805663
0.7278201045805663
0.7278201045805663
0.7278201045805663
0.7278201045805663
0.7278201045805663
0.7278201045805663
0.7278201045805663
0.7278201045805663
0.7278201045805663
0.7278201045805663
0.7278201045805663
0.7278201045805663
0.7278201045805663
0.7278201045805663
0.7278201045805663
0.7278201045805663
0.7278201045805663
0.7278201045805663
0.7278201045805663
0.7278201045805663
0.7278201045805663
0.7278201045805663
0.7278201045805663
0.7278201045805663
0.7278201045805663
0.7278201045805663
0.7278201045805663
0.7278201045805663
0.7278201045805663
0.7278201045805663
0.7278201045805663
0.7278201045805663
0.7278201045805663
0.7278201045805663
0.7278201045805663
0.7278201045805663
0.7278201045805663
0.7278201045805663
0.7278201045805663
0.7278201045805663
0.7278201045805663
0.7278201045805663
0.7278201045805663
0.7278201045805663
0.7278201045805663
0.7278201045805663
0.7278201045805663
0.7278201045805663
0.7278201045805663
0.7278201045805663
0.7278201045805663
0.7278201045805663
0.7278201045805663
0.7278201045805663
0.7278201045805663
0.7278201045805663
0.7278201045805663
0.7278201045805663
0.7278201045805663
0.7278201045805663
0.7278201045805663
0.7278201045805663
0.7278201045805663
0.7278201045805663
0.7278201045805663
0.7278201045805663
0.7278201045805663
0.7278201045805663
0.7278201045805663
0.7278201045805663
0.7278201045805663
0.7278201045805663
0.7278201045805663
0.7278201045805663
0.7278201045805663
0.7278201045805663
0.7278201045805663
0.7278201045805663
0.7278201045805663
0.7278201045805663
0.7278201045805663
0.7278201045805663
0.7278201045805663
