2500.2500250025
1263.5389638963895
722.7732173217322
435.56038603860384
262.2209420942094
160.9921792179218
102.35771577157716
69.91537153715372
62.307180718071805
60.49377937793779
60.49075907590759
60.49075907590759
60.49075907590759
60.49075907590759
60.49075907590759
60.49075907590759
60.49075907590759
60.49075907590759
60.49075907590759
60.49075907590759
60.49075907590759
60.49075907590759
60.49075907590759
60.49075907590759
60.49075907590759
60.49075907590759
60.49075907590759
60.49075907590759
60.49075907590759
60.49075907590759
60.49075907590759
60.49075907590759
60.49075907590759
60.49075907590759
60.49075907590759
60.49075907590759
60.49075907590759
60.49075907590759
60.49075907590759
60.49075907590759
60.49075907590759
60.49075907590759
60.49075907590759
60.49075907590759
60.49075907590759
60.49075907590759
60.49075907590759
60.49075907590759
60.49075907590759
60.49075907590759
60.49075907590759
60.49075907590759
60.49075907590759
60.49075907590759
60.49075907590759
60.49075907590759
60.49075907590759
60.49075907590759
60.49075907590759
60.49075907590759
60.49075907590759
60.49075907590759
60.49075907590759
60.49075907590759
60.49075907590759
60.49075907590759
60.49075907590759
60.49075907590759
60.49075907590759
60.49075907590759
60.49075907590759
60.49075907590759
60.49075907590759
60.49075907590759
60.49075907590759
60.49075907590759
60.49075907590759
60.49075907590759
60.49075907590759
60.49075907590759
60.49075907590759
60.49075907590759
60.49075907590759
60.49075907590759
60.49075907590759
60.49075907590759
60.49075907590759
60.49075907590759
60.49075907590759
60.49075907590759
60.49075907590759
60.49075907590759
60.49075907590759
60.49075907590759
60.49075907590759
60.49075907590759
60.49075907590759
60.49075907590759
60.49075907590759
60.49075907590759
60.49075907590759
60.49075907590759
60.49075907590759
60.49075907590759
60.49075907590759
60.49075907590759
60.49075907590759
60.49075907590759
60.49075907590759
60.49075907590759
60.49075907590759
60.49075907590759
60.49075907590759
60.49075907590759
60.49075907590759
60.49075907590759
60.49075907590759
60.49075907590759
60.49075907590759
60.49075907590759
60.49075907590759
60.49075907590759
60.49075907590759
60.49075907590759
60.49075907590759
60.49075907590759
60.49075907590759
60.49075907590759
60.49075907590759
60.49075907590759
60.49075907590759
60.49075907590759
60.49075907590759
60.49075907590759
60.49075907590759
60.49075907590759
60.49075907590759
60.49075907590759
60.49075907590759
60.49075907590759
60.49075907590759
60.49075907590759
60.49075907590759
60.49075907590759
60.49075907590759
60.49075907590759
60.49075907590759
60.49075907590759
60.49075907590759
60.49075907590759
60.49075907590759
60.49075907590759
60.49075907590759
60.49075907590759
60.49075907590759
60.49075907590759
60.49075907590759
60.49075907590759
60.49075907590759
60.49075907590759
60.49075907590759
60.49075907590759
60.49075907590759
60.49075907590759
60.49075907590759
60.49075907590759
60.49075907590759
60.49075907590759
60.49075907590759
60.49075907590759
60.49075907590759
60.49075907590759
60.49075907590759
60.49075907590759
60.49075907590759
60.49075907590759
60.49075907590759
60.49075907590759
60.49075907590759
60.49075907590759
60.49075907590759
60.49075907590759
60.49075907590759
60.49075907590759
60.49075907590759
60.49075907590759
60.49075907590759
60.49075907590759
60.49075907590759
60.49075907590759
60.49075907590759
60.49075907590759
60.49075907590759
60.49075907590759
60.49075907590759
60.49075907590759
60.49075907590759
60.49075907590759
60.49075907590759
60.49075907590759
60.49075907590759
60.49075907590759
60.49075907590759
60.49075907590759
60.49075907590759
60.49075907590759
60.49075907590759
60.49075907590759
60.49075907590759
60.49075907590759
60.49075907590759
60.49075907590759
60.49075907590759
60.49075907590759
60.49075907590759
60.49075907590759
60.49075907590759
60.49075907590759
60.49075907590759
60.49075907590759
60.49075907590759
60.49075907590759
60.49075907590759
60.49075907590759
60.49075907590759
60.49075907590759
60.49075907590759
60.49075907590759
60.49075907590759
60.49075907590759
60.49075907590759
60.49075907590759
60.49075907590759
60.49075907590759
60.49075907590759
60.49075907590759
60.49075907590759
60.49075907590759
60.49075907590759
60.49075907590759
60.49075907590759
60.49075907590759
60.49075907590759
60.49075907590759
60.49075907590759
60.49075907590759
60.49075907590759
60.49075907590759
60.49075907590759
60.49075907590759
60.49075907590759
60.49075907590759
60.49075907590759
60.49075907590759
60.49075907590759
60.49075907590759
60.49075907590759
60.49075907590759
60.49075907590759
60.49075907590759
60.49075907590759
60.49075907590759
60.49075907590759
60.49075907590759
60.49075907590759
60.49075907590759
60.49075907590759
60.49075907590759
60.49075907590759
60.49075907590759
60.49075907590759
60.49075907590759
60.49075907590759
60.49075907590759
60.49075907590759
60.49075907590759
60.49075907590759
60.49075907590759
60.49075907590759
60.49075907590759
60.49075907590759
60.49075907590759
60.49075907590759
60.49075907590759
60.49075907590759
60.49075907590759
60.49075907590759
60.49075907590759
60.49075907590759
60.49075907590759
60.49075907590759
60.49075907590759
60.49075907590759
60.49075907590759
60.49075907590759
60.49075907590759
60.49075907590759
60.49075907590759
60.49075907590759
60.49075907590759
