2500.2500250025
1263.5389638963895
720.4893489348935
433.75796579657964
265.6973697369737
163.87958795879587
116.994699469947
105.9944494449445
104.61668166816682
104.53085308530854
104.53085308530854
104.53085308530854
104.53085308530854
104.53085308530854
104.53085308530854
104.53085308530854
104.53085308530854
104.53085308530854
104.53085308530854
104.53085308530854
104.53085308530854
104.53085308530854
104.53085308530854
104.53085308530854
104.53085308530854
104.53085308530854
104.53085308530854
104.53085308530854
104.53085308530854
104.53085308530854
104.53085308530854
104.53085308530854
104.53085308530854
104.53085308530854
104.53085308530854
104.53085308530854
104.53085308530854
104.53085308530854
104.53085308530854
104.53085308530854
104.53085308530854
104.53085308530854
104.53085308530854
104.53085308530854
104.53085308530854
104.53085308530854
104.53085308530854
104.53085308530854
104.53085308530854
104.53085308530854
104.53085308530854
104.53085308530854
104.53085308530854
104.53085308530854
104.53085308530854
104.53085308530854
104.53085308530854
104.53085308530854
104.53085308530854
104.53085308530854
104.53085308530854
104.53085308530854
104.53085308530854
104.53085308530854
104.53085308530854
104.53085308530854
104.53085308530854
104.53085308530854
104.53085308530854
104.53085308530854
104.53085308530854
104.53085308530854
104.53085308530854
104.53085308530854
104.53085308530854
104.53085308530854
104.53085308530854
104.53085308530854
104.53085308530854
104.53085308530854
104.53085308530854
104.53085308530854
104.53085308530854
104.53085308530854
104.53085308530854
104.53085308530854
104.53085308530854
104.53085308530854
104.53085308530854
104.53085308530854
104.53085308530854
104.53085308530854
104.53085308530854
104.53085308530854
104.53085308530854
104.53085308530854
104.53085308530854
104.53085308530854
104.53085308530854
104.53085308530854
104.53085308530854
104.53085308530854
104.53085308530854
104.53085308530854
104.53085308530854
104.53085308530854
104.53085308530854
104.53085308530854
104.53085308530854
104.53085308530854
104.53085308530854
104.53085308530854
104.53085308530854
104.53085308530854
104.53085308530854
104.53085308530854
104.53085308530854
104.53085308530854
104.53085308530854
104.53085308530854
104.53085308530854
104.53085308530854
104.53085308530854
104.53085308530854
104.53085308530854
104.53085308530854
104.53085308530854
104.53085308530854
104.53085308530854
104.53085308530854
104.53085308530854
104.53085308530854
104.53085308530854
104.53085308530854
104.53085308530854
104.53085308530854
104.53085308530854
104.53085308530854
104.53085308530854
104.53085308530854
104.53085308530854
104.53085308530854
104.53085308530854
104.53085308530854
104.53085308530854
104.53085308530854
104.53085308530854
104.53085308530854
104.53085308530854
104.53085308530854
104.53085308530854
104.53085308530854
104.53085308530854
104.53085308530854
104.53085308530854
104.53085308530854
104.53085308530854
104.53085308530854
104.53085308530854
104.53085308530854
104.53085308530854
104.53085308530854
104.53085308530854
104.53085308530854
104.53085308530854
104.53085308530854
104.53085308530854
104.53085308530854
104.53085308530854
104.53085308530854
104.53085308530854
104.53085308530854
104.53085308530854
104.53085308530854
104.53085308530854
104.53085308530854
104.53085308530854
104.53085308530854
104.53085308530854
104.53085308530854
104.53085308530854
104.53085308530854
104.53085308530854
104.53085308530854
104.53085308530854
104.53085308530854
104.53085308530854
104.53085308530854
104.53085308530854
104.53085308530854
104.53085308530854
104.53085308530854
104.53085308530854
104.53085308530854
104.53085308530854
104.53085308530854
104.53085308530854
104.53085308530854
104.53085308530854
104.53085308530854
104.53085308530854
104.53085308530854
104.53085308530854
104.53085308530854
104.53085308530854
104.53085308530854
104.53085308530854
104.53085308530854
104.53085308530854
104.53085308530854
104.53085308530854
104.53085308530854
104.53085308530854
104.53085308530854
104.53085308530854
104.53085308530854
104.53085308530854
104.53085308530854
104.53085308530854
104.53085308530854
104.53085308530854
104.53085308530854
104.53085308530854
104.53085308530854
104.53085308530854
104.53085308530854
104.53085308530854
104.53085308530854
104.53085308530854
104.53085308530854
104.53085308530854
104.53085308530854
104.53085308530854
104.53085308530854
104.53085308530854
104.53085308530854
104.53085308530854
104.53085308530854
104.53085308530854
104.53085308530854
104.53085308530854
104.53085308530854
104.53085308530854
104.53085308530854
104.53085308530854
104.53085308530854
104.53085308530854
104.53085308530854
104.53085308530854
104.53085308530854
104.53085308530854
104.53085308530854
104.53085308530854
104.53085308530854
104.53085308530854
104.53085308530854
104.53085308530854
104.53085308530854
104.53085308530854
104.53085308530854
104.53085308530854
104.53085308530854
104.53085308530854
104.53085308530854
104.53085308530854
104.53085308530854
104.53085308530854
104.53085308530854
104.53085308530854
104.53085308530854
104.53085308530854
104.53085308530854
104.53085308530854
104.53085308530854
104.53085308530854
104.53085308530854
104.53085308530854
104.53085308530854
104.53085308530854
104.53085308530854
104.53085308530854
104.53085308530854
104.53085308530854
104.53085308530854
104.53085308530854
104.53085308530854
104.53085308530854
104.53085308530854
104.53085308530854
104.53085308530854
104.53085308530854
104.53085308530854
104.53085308530854
104.53085308530854
104.53085308530854
104.53085308530854
104.53085308530854
104.53085308530854
104.53085308530854
104.53085308530854
