0.0
0.5344333333333341
0.6638329004328989
0.7115389179447997
0.7175570814716703
0.7100564642194427
0.6947763943710884
0.6807341282030643
0.6694096887545847
0.6662990742537965
0.6650298940777039
0.6649986834913174
0.6648290725537815
0.6648290725537815
0.6648290725537815
0.6648290725537815
0.6648290725537815
0.6648290725537815
0.6648290725537815
0.6648290725537815
0.6648290725537815
0.6648290725537815
0.6648290725537815
0.6648290725537815
0.6648290725537815
0.6648290725537815
0.6648290725537815
0.6648290725537815
0.6648290725537815
0.6648290725537815
0.6648290725537815
0.6648290725537815
0.6648290725537815
0.6648290725537815
0.6648290725537815
0.6648290725537815
0.6648290725537815
0.6648290725537815
0.6648290725537815
0.6648290725537815
0.6648290725537815
0.6648290725537815
0.6648290725537815
0.6648290725537815
0.6648290725537815
0.6648290725537815
0.6648290725537815
0.6648290725537815
0.6648290725537815
0.6648290725537815
0.6648290725537815
0.6648290725537815
0.6648290725537815
0.6648290725537815
0.6648290725537815
0.6648290725537815
0.6648290725537815
0.6648290725537815
0.6648290725537815
0.6648290725537815
0.6648290725537815
0.6648290725537815
0.6648290725537815
0.6648290725537815
0.6648290725537815
0.6648290725537815
0.6648290725537815
0.6648290725537815
0.6648290725537815
0.6648290725537815
0.6648290725537815
0.6648290725537815
0.6648290725537815
0.6648290725537815
0.6648290725537815
0.6648290725537815
0.6648290725537815
0.6648290725537815
0.6648290725537815
0.6648290725537815
0.6648290725537815
0.6648290725537815
0.6648290725537815
0.6648290725537815
0.6648290725537815
0.6648290725537815
0.6648290725537815
0.6648290725537815
0.6648290725537815
0.6648290725537815
0.6648290725537815
0.6648290725537815
0.6648290725537815
0.6648290725537815
0.6648290725537815
0.6648290725537815
0.6648290725537815
0.6648290725537815
0.6648290725537815
0.6648290725537815
0.6648290725537815
0.6648290725537815
0.6648290725537815
0.6648290725537815
0.6648290725537815
0.6648290725537815
0.6648290725537815
0.6648290725537815
0.6648290725537815
0.6648290725537815
0.6648290725537815
0.6648290725537815
0.6648290725537815
0.6648290725537815
0.6648290725537815
0.6648290725537815
0.6648290725537815
0.6648290725537815
0.6648290725537815
0.6648290725537815
0.6648290725537815
0.6648290725537815
0.6648290725537815
0.6648290725537815
0.6648290725537815
0.6648290725537815
0.6648290725537815
0.6648290725537815
0.6648290725537815
0.6648290725537815
0.6648290725537815
0.6648290725537815
0.6648290725537815
0.6648290725537815
0.6648290725537815
0.6648290725537815
0.6648290725537815
0.6648290725537815
0.6648290725537815
0.6648290725537815
0.6648290725537815
0.6648290725537815
0.6648290725537815
0.6648290725537815
0.6648290725537815
0.6648290725537815
0.6648290725537815
0.6648290725537815
0.6648290725537815
0.6648290725537815
0.6648290725537815
0.6648290725537815
0.6648290725537815
0.6648290725537815
0.6648290725537815
0.6648290725537815
0.6648290725537815
0.6648290725537815
0.6648290725537815
0.6648290725537815
0.6648290725537815
0.6648290725537815
0.6648290725537815
0.6648290725537815
0.6648290725537815
0.6648290725537815
0.6648290725537815
0.6648290725537815
0.6648290725537815
0.6648290725537815
0.6648290725537815
0.6648290725537815
0.6648290725537815
0.6648290725537815
0.6648290725537815
0.6648290725537815
0.6648290725537815
0.6648290725537815
0.6648290725537815
0.6648290725537815
0.6648290725537815
0.6648290725537815
0.6648290725537815
0.6648290725537815
0.6648290725537815
0.6648290725537815
0.6648290725537815
0.6648290725537815
0.6648290725537815
0.6648290725537815
0.6648290725537815
0.6648290725537815
0.6648290725537815
0.6648290725537815
0.6648290725537815
0.6648290725537815
0.6648290725537815
0.6648290725537815
0.6648290725537815
0.6648290725537815
0.6648290725537815
0.6648290725537815
0.6648290725537815
0.6648290725537815
0.6648290725537815
0.6648290725537815
0.6648290725537815
0.6648290725537815
0.6648290725537815
0.6648290725537815
0.6648290725537815
0.6648290725537815
0.6648290725537815
0.6648290725537815
0.6648290725537815
0.6648290725537815
0.6648290725537815
0.6648290725537815
0.6648290725537815
0.6648290725537815
0.6648290725537815
0.6648290725537815
0.6648290725537815
0.6648290725537815
0.6648290725537815
0.6648290725537815
0.6648290725537815
0.6648290725537815
0.6648290725537815
0.6648290725537815
0.6648290725537815
0.6648290725537815
0.6648290725537815
0.6648290725537815
0.6648290725537815
0.6648290725537815
0.6648290725537815
0.6648290725537815
0.6648290725537815
0.6648290725537815
0.6648290725537815
0.6648290725537815
0.6648290725537815
0.6648290725537815
0.6648290725537815
0.6648290725537815
0.6648290725537815
0.6648290725537815
0.6648290725537815
0.6648290725537815
0.6648290725537815
0.6648290725537815
0.6648290725537815
0.6648290725537815
0.6648290725537815
0.6648290725537815
0.6648290725537815
0.6648290725537815
0.6648290725537815
0.6648290725537815
0.6648290725537815
0.6648290725537815
0.6648290725537815
0.6648290725537815
0.6648290725537815
0.6648290725537815
0.6648290725537815
0.6648290725537815
0.6648290725537815
0.6648290725537815
0.6648290725537815
0.6648290725537815
0.6648290725537815
0.6648290725537815
0.6648290725537815
0.6648290725537815
0.6648290725537815
0.6648290725537815
0.6648290725537815
0.6648290725537815
0.6648290725537815
0.6648290725537815
0.6648290725537815
0.6648290725537815
0.6648290725537815
0.6648290725537815
0.6648290725537815
0.6648290725537815
0.6648290725537815
0.6648290725537815
0.6648290725537815
0.6648290725537815
0.6648290725537815
0.6648290725537815
0.6648290725537815
0.6648290725537815
0.6648290725537815
0.6648290725537815
0.6648290725537815
0.6648290725537815
