0.999
0.6150960200390851
0.898015778737607
0.9099633288561171
0.8900515942091475
0.8717703144833389
0.8603403531259837
0.8554391160181168
0.8542646099582119
0.8539856680169933
0.8539173693958712
0.8539173845564128
0.8539173846773029
0.8539173846773029
0.8539173846773029
0.8539173846773029
0.8539173846773029
0.8539173846773029
0.8539173846773029
0.8539173846773029
0.8539173846773029
0.8539173846773029
0.8539173846773029
0.8539173846773029
0.8539173846773029
0.8539173846773029
0.8539173846773029
0.8539173846773029
0.8539173846773029
0.8539173846773029
0.8539173846773029
0.8539173846773029
0.8539173846773029
0.8539173846773029
0.8539173846773029
0.8539173846773029
0.8539173846773029
0.8539173846773029
0.8539173846773029
0.8539173846773029
0.8539173846773029
0.8539173846773029
0.8539173846773029
0.8539173846773029
0.8539173846773029
0.8539173846773029
0.8539173846773029
0.8539173846773029
0.8539173846773029
0.8539173846773029
0.8539173846773029
0.8539173846773029
0.8539173846773029
0.8539173846773029
0.8539173846773029
0.8539173846773029
0.8539173846773029
0.8539173846773029
0.8539173846773029
0.8539173846773029
0.8539173846773029
0.8539173846773029
0.8539173846773029
0.8539173846773029
0.8539173846773029
0.8539173846773029
0.8539173846773029
0.8539173846773029
0.8539173846773029
0.8539173846773029
0.8539173846773029
0.8539173846773029
0.8539173846773029
0.8539173846773029
0.8539173846773029
0.8539173846773029
0.8539173846773029
0.8539173846773029
0.8539173846773029
0.8539173846773029
0.8539173846773029
0.8539173846773029
0.8539173846773029
0.8539173846773029
0.8539173846773029
0.8539173846773029
0.8539173846773029
0.8539173846773029
0.8539173846773029
0.8539173846773029
0.8539173846773029
0.8539173846773029
0.8539173846773029
0.8539173846773029
0.8539173846773029
0.8539173846773029
0.8539173846773029
0.8539173846773029
0.8539173846773029
0.8539173846773029
0.8539173846773029
0.8539173846773029
0.8539173846773029
0.8539173846773029
0.8539173846773029
0.8539173846773029
0.8539173846773029
0.8539173846773029
0.8539173846773029
0.8539173846773029
0.8539173846773029
0.8539173846773029
0.8539173846773029
0.8539173846773029
0.8539173846773029
0.8539173846773029
0.8539173846773029
0.8539173846773029
0.8539173846773029
0.8539173846773029
0.8539173846773029
0.8539173846773029
0.8539173846773029
0.8539173846773029
0.8539173846773029
0.8539173846773029
0.8539173846773029
0.8539173846773029
0.8539173846773029
0.8539173846773029
0.8539173846773029
0.8539173846773029
0.8539173846773029
0.8539173846773029
0.8539173846773029
0.8539173846773029
0.8539173846773029
0.8539173846773029
0.8539173846773029
0.8539173846773029
0.8539173846773029
0.8539173846773029
0.8539173846773029
0.8539173846773029
0.8539173846773029
0.8539173846773029
0.8539173846773029
0.8539173846773029
0.8539173846773029
0.8539173846773029
0.8539173846773029
0.8539173846773029
0.8539173846773029
0.8539173846773029
0.8539173846773029
0.8539173846773029
0.8539173846773029
0.8539173846773029
0.8539173846773029
0.8539173846773029
0.8539173846773029
0.8539173846773029
0.8539173846773029
0.8539173846773029
0.8539173846773029
0.8539173846773029
0.8539173846773029
0.8539173846773029
0.8539173846773029
0.8539173846773029
0.8539173846773029
0.8539173846773029
0.8539173846773029
0.8539173846773029
0.8539173846773029
0.8539173846773029
0.8539173846773029
0.8539173846773029
0.8539173846773029
0.8539173846773029
0.8539173846773029
0.8539173846773029
0.8539173846773029
0.8539173846773029
0.8539173846773029
0.8539173846773029
0.8539173846773029
0.8539173846773029
0.8539173846773029
0.8539173846773029
0.8539173846773029
0.8539173846773029
0.8539173846773029
0.8539173846773029
0.8539173846773029
0.8539173846773029
0.8539173846773029
0.8539173846773029
0.8539173846773029
0.8539173846773029
0.8539173846773029
0.8539173846773029
0.8539173846773029
0.8539173846773029
0.8539173846773029
0.8539173846773029
0.8539173846773029
0.8539173846773029
0.8539173846773029
0.8539173846773029
0.8539173846773029
0.8539173846773029
0.8539173846773029
0.8539173846773029
0.8539173846773029
0.8539173846773029
0.8539173846773029
0.8539173846773029
0.8539173846773029
0.8539173846773029
0.8539173846773029
0.8539173846773029
0.8539173846773029
0.8539173846773029
0.8539173846773029
0.8539173846773029
0.8539173846773029
0.8539173846773029
0.8539173846773029
0.8539173846773029
0.8539173846773029
0.8539173846773029
0.8539173846773029
0.8539173846773029
0.8539173846773029
0.8539173846773029
0.8539173846773029
0.8539173846773029
0.8539173846773029
0.8539173846773029
0.8539173846773029
0.8539173846773029
0.8539173846773029
0.8539173846773029
0.8539173846773029
0.8539173846773029
0.8539173846773029
0.8539173846773029
0.8539173846773029
0.8539173846773029
0.8539173846773029
0.8539173846773029
0.8539173846773029
0.8539173846773029
0.8539173846773029
0.8539173846773029
0.8539173846773029
0.8539173846773029
0.8539173846773029
0.8539173846773029
0.8539173846773029
0.8539173846773029
0.8539173846773029
0.8539173846773029
0.8539173846773029
0.8539173846773029
0.8539173846773029
0.8539173846773029
0.8539173846773029
0.8539173846773029
0.8539173846773029
0.8539173846773029
0.8539173846773029
0.8539173846773029
0.8539173846773029
0.8539173846773029
0.8539173846773029
0.8539173846773029
0.8539173846773029
0.8539173846773029
0.8539173846773029
0.8539173846773029
0.8539173846773029
0.8539173846773029
0.8539173846773029
0.8539173846773029
0.8539173846773029
0.8539173846773029
0.8539173846773029
0.8539173846773029
0.8539173846773029
0.8539173846773029
0.8539173846773029
0.8539173846773029
0.8539173846773029
0.8539173846773029
0.8539173846773029
0.8539173846773029
0.8539173846773029
0.8539173846773029
