0.999
0.6177348755403478
0.8942803800195827
0.9050635249835493
0.8909695843895822
0.8747099003203511
0.8640083841272794
0.859624763477137
0.8582965871150467
0.858059608161169
0.8580123710727997
0.8580124237046465
0.8580124237908081
0.8580124237908081
0.8580124237908081
0.8580124237908081
0.8580124237908081
0.8580124237908081
0.8580124237908081
0.8580124237908081
0.8580124237908081
0.8580124237908081
0.8580124237908081
0.8580124237908081
0.8580124237908081
0.8580124237908081
0.8580124237908081
0.8580124237908081
0.8580124237908081
0.8580124237908081
0.8580124237908081
0.8580124237908081
0.8580124237908081
0.8580124237908081
0.8580124237908081
0.8580124237908081
0.8580124237908081
0.8580124237908081
0.8580124237908081
0.8580124237908081
0.8580124237908081
0.8580124237908081
0.8580124237908081
0.8580124237908081
0.8580124237908081
0.8580124237908081
0.8580124237908081
0.8580124237908081
0.8580124237908081
0.8580124237908081
0.8580124237908081
0.8580124237908081
0.8580124237908081
0.8580124237908081
0.8580124237908081
0.8580124237908081
0.8580124237908081
0.8580124237908081
0.8580124237908081
0.8580124237908081
0.8580124237908081
0.8580124237908081
0.8580124237908081
0.8580124237908081
0.8580124237908081
0.8580124237908081
0.8580124237908081
0.8580124237908081
0.8580124237908081
0.8580124237908081
0.8580124237908081
0.8580124237908081
0.8580124237908081
0.8580124237908081
0.8580124237908081
0.8580124237908081
0.8580124237908081
0.8580124237908081
0.8580124237908081
0.8580124237908081
0.8580124237908081
0.8580124237908081
0.8580124237908081
0.8580124237908081
0.8580124237908081
0.8580124237908081
0.8580124237908081
0.8580124237908081
0.8580124237908081
0.8580124237908081
0.8580124237908081
0.8580124237908081
0.8580124237908081
0.8580124237908081
0.8580124237908081
0.8580124237908081
0.8580124237908081
0.8580124237908081
0.8580124237908081
0.8580124237908081
0.8580124237908081
0.8580124237908081
0.8580124237908081
0.8580124237908081
0.8580124237908081
0.8580124237908081
0.8580124237908081
0.8580124237908081
0.8580124237908081
0.8580124237908081
0.8580124237908081
0.8580124237908081
0.8580124237908081
0.8580124237908081
0.8580124237908081
0.8580124237908081
0.8580124237908081
0.8580124237908081
0.8580124237908081
0.8580124237908081
0.8580124237908081
0.8580124237908081
0.8580124237908081
0.8580124237908081
0.8580124237908081
0.8580124237908081
0.8580124237908081
0.8580124237908081
0.8580124237908081
0.8580124237908081
0.8580124237908081
0.8580124237908081
0.8580124237908081
0.8580124237908081
0.8580124237908081
0.8580124237908081
0.8580124237908081
0.8580124237908081
0.8580124237908081
0.8580124237908081
0.8580124237908081
0.8580124237908081
0.8580124237908081
0.8580124237908081
0.8580124237908081
0.8580124237908081
0.8580124237908081
0.8580124237908081
0.8580124237908081
0.8580124237908081
0.8580124237908081
0.8580124237908081
0.8580124237908081
0.8580124237908081
0.8580124237908081
0.8580124237908081
0.8580124237908081
0.8580124237908081
0.8580124237908081
0.8580124237908081
0.8580124237908081
0.8580124237908081
0.8580124237908081
0.8580124237908081
0.8580124237908081
0.8580124237908081
0.8580124237908081
0.8580124237908081
0.8580124237908081
0.8580124237908081
0.8580124237908081
0.8580124237908081
0.8580124237908081
0.8580124237908081
0.8580124237908081
0.8580124237908081
0.8580124237908081
0.8580124237908081
0.8580124237908081
0.8580124237908081
0.8580124237908081
0.8580124237908081
0.8580124237908081
0.8580124237908081
0.8580124237908081
0.8580124237908081
0.8580124237908081
0.8580124237908081
0.8580124237908081
0.8580124237908081
0.8580124237908081
0.8580124237908081
0.8580124237908081
0.8580124237908081
0.8580124237908081
0.8580124237908081
0.8580124237908081
0.8580124237908081
0.8580124237908081
0.8580124237908081
0.8580124237908081
0.8580124237908081
0.8580124237908081
0.8580124237908081
0.8580124237908081
0.8580124237908081
0.8580124237908081
0.8580124237908081
0.8580124237908081
0.8580124237908081
0.8580124237908081
0.8580124237908081
0.8580124237908081
0.8580124237908081
0.8580124237908081
0.8580124237908081
0.8580124237908081
0.8580124237908081
0.8580124237908081
0.8580124237908081
0.8580124237908081
0.8580124237908081
0.8580124237908081
0.8580124237908081
0.8580124237908081
0.8580124237908081
0.8580124237908081
0.8580124237908081
0.8580124237908081
0.8580124237908081
0.8580124237908081
0.8580124237908081
0.8580124237908081
0.8580124237908081
0.8580124237908081
0.8580124237908081
0.8580124237908081
0.8580124237908081
0.8580124237908081
0.8580124237908081
0.8580124237908081
0.8580124237908081
0.8580124237908081
0.8580124237908081
0.8580124237908081
0.8580124237908081
0.8580124237908081
0.8580124237908081
0.8580124237908081
0.8580124237908081
0.8580124237908081
0.8580124237908081
0.8580124237908081
0.8580124237908081
0.8580124237908081
0.8580124237908081
0.8580124237908081
0.8580124237908081
0.8580124237908081
0.8580124237908081
0.8580124237908081
0.8580124237908081
0.8580124237908081
0.8580124237908081
0.8580124237908081
0.8580124237908081
0.8580124237908081
0.8580124237908081
0.8580124237908081
0.8580124237908081
0.8580124237908081
0.8580124237908081
0.8580124237908081
0.8580124237908081
0.8580124237908081
0.8580124237908081
0.8580124237908081
0.8580124237908081
0.8580124237908081
0.8580124237908081
0.8580124237908081
0.8580124237908081
0.8580124237908081
0.8580124237908081
0.8580124237908081
0.8580124237908081
0.8580124237908081
0.8580124237908081
0.8580124237908081
0.8580124237908081
0.8580124237908081
0.8580124237908081
0.8580124237908081
0.8580124237908081
0.8580124237908081
0.8580124237908081
0.8580124237908081
0.8580124237908081
0.8580124237908081
0.8580124237908081
