0.0
0.5344333333333341
0.6629034632034609
0.7142726458182341
0.7188824427244133
0.7061369653376401
0.6967916129610765
0.6832745442607768
0.6696824056778885
0.6609958687230146
0.6538208527965946
0.6462778748730376
0.6422062865030541
0.6405135952356048
0.6399860190438292
0.6399552172963149
0.6399890394618882
0.6399890394618882
0.6399890394618882
0.6399890394618882
0.6399890394618882
0.6399890394618882
0.6399890394618882
0.6399890394618882
0.6399890394618882
0.6399890394618882
0.6399890394618882
0.6399890394618882
0.6399890394618882
0.6399890394618882
0.6399890394618882
0.6399890394618882
0.6399890394618882
0.6399890394618882
0.6399890394618882
0.6399890394618882
0.6399890394618882
0.6399890394618882
0.6399890394618882
0.6399890394618882
0.6399890394618882
0.6399890394618882
0.6399890394618882
0.6399890394618882
0.6399890394618882
0.6399890394618882
0.6399890394618882
0.6399890394618882
0.6399890394618882
0.6399890394618882
0.6399890394618882
0.6399890394618882
0.6399890394618882
0.6399890394618882
0.6399890394618882
0.6399890394618882
0.6399890394618882
0.6399890394618882
0.6399890394618882
0.6399890394618882
0.6399890394618882
0.6399890394618882
0.6399890394618882
0.6399890394618882
0.6399890394618882
0.6399890394618882
0.6399890394618882
0.6399890394618882
0.6399890394618882
0.6399890394618882
0.6399890394618882
0.6399890394618882
0.6399890394618882
0.6399890394618882
0.6399890394618882
0.6399890394618882
0.6399890394618882
0.6399890394618882
0.6399890394618882
0.6399890394618882
0.6399890394618882
0.6399890394618882
0.6399890394618882
0.6399890394618882
0.6399890394618882
0.6399890394618882
0.6399890394618882
0.6399890394618882
0.6399890394618882
0.6399890394618882
0.6399890394618882
0.6399890394618882
0.6399890394618882
0.6399890394618882
0.6399890394618882
0.6399890394618882
0.6399890394618882
0.6399890394618882
0.6399890394618882
0.6399890394618882
0.6399890394618882
0.6399890394618882
0.6399890394618882
0.6399890394618882
0.6399890394618882
0.6399890394618882
0.6399890394618882
0.6399890394618882
0.6399890394618882
0.6399890394618882
0.6399890394618882
0.6399890394618882
0.6399890394618882
0.6399890394618882
0.6399890394618882
0.6399890394618882
0.6399890394618882
0.6399890394618882
0.6399890394618882
0.6399890394618882
0.6399890394618882
0.6399890394618882
0.6399890394618882
0.6399890394618882
0.6399890394618882
0.6399890394618882
0.6399890394618882
0.6399890394618882
0.6399890394618882
0.6399890394618882
0.6399890394618882
0.6399890394618882
0.6399890394618882
0.6399890394618882
0.6399890394618882
0.6399890394618882
0.6399890394618882
0.6399890394618882
0.6399890394618882
0.6399890394618882
0.6399890394618882
0.6399890394618882
0.6399890394618882
0.6399890394618882
0.6399890394618882
0.6399890394618882
0.6399890394618882
0.6399890394618882
0.6399890394618882
0.6399890394618882
0.6399890394618882
0.6399890394618882
0.6399890394618882
0.6399890394618882
0.6399890394618882
0.6399890394618882
0.6399890394618882
0.6399890394618882
0.6399890394618882
0.6399890394618882
0.6399890394618882
0.6399890394618882
0.6399890394618882
0.6399890394618882
0.6399890394618882
0.6399890394618882
0.6399890394618882
0.6399890394618882
0.6399890394618882
0.6399890394618882
0.6399890394618882
0.6399890394618882
0.6399890394618882
0.6399890394618882
0.6399890394618882
0.6399890394618882
0.6399890394618882
0.6399890394618882
0.6399890394618882
0.6399890394618882
0.6399890394618882
0.6399890394618882
0.6399890394618882
0.6399890394618882
0.6399890394618882
0.6399890394618882
0.6399890394618882
0.6399890394618882
0.6399890394618882
0.6399890394618882
0.6399890394618882
0.6399890394618882
0.6399890394618882
0.6399890394618882
0.6399890394618882
0.6399890394618882
0.6399890394618882
0.6399890394618882
0.6399890394618882
0.6399890394618882
0.6399890394618882
0.6399890394618882
0.6399890394618882
0.6399890394618882
0.6399890394618882
0.6399890394618882
0.6399890394618882
0.6399890394618882
0.6399890394618882
0.6399890394618882
0.6399890394618882
0.6399890394618882
0.6399890394618882
0.6399890394618882
0.6399890394618882
0.6399890394618882
0.6399890394618882
0.6399890394618882
0.6399890394618882
0.6399890394618882
0.6399890394618882
0.6399890394618882
0.6399890394618882
0.6399890394618882
0.6399890394618882
0.6399890394618882
0.6399890394618882
0.6399890394618882
0.6399890394618882
0.6399890394618882
0.6399890394618882
0.6399890394618882
0.6399890394618882
0.6399890394618882
0.6399890394618882
0.6399890394618882
0.6399890394618882
0.6399890394618882
0.6399890394618882
0.6399890394618882
0.6399890394618882
0.6399890394618882
0.6399890394618882
0.6399890394618882
0.6399890394618882
0.6399890394618882
0.6399890394618882
0.6399890394618882
0.6399890394618882
0.6399890394618882
0.6399890394618882
0.6399890394618882
0.6399890394618882
0.6399890394618882
0.6399890394618882
0.6399890394618882
0.6399890394618882
0.6399890394618882
0.6399890394618882
0.6399890394618882
0.6399890394618882
0.6399890394618882
0.6399890394618882
0.6399890394618882
0.6399890394618882
0.6399890394618882
0.6399890394618882
0.6399890394618882
0.6399890394618882
0.6399890394618882
0.6399890394618882
0.6399890394618882
0.6399890394618882
0.6399890394618882
0.6399890394618882
0.6399890394618882
0.6399890394618882
0.6399890394618882
0.6399890394618882
0.6399890394618882
0.6399890394618882
0.6399890394618882
0.6399890394618882
0.6399890394618882
0.6399890394618882
0.6399890394618882
0.6399890394618882
0.6399890394618882
0.6399890394618882
0.6399890394618882
0.6399890394618882
0.6399890394618882
0.6399890394618882
0.6399890394618882
0.6399890394618882
0.6399890394618882
0.6399890394618882
0.6399890394618882
0.6399890394618882
0.6399890394618882
