2500.2500250025
1263.5389638963895
720.4997599759976
431.481698169817
271.0333833383338
183.60451045104512
130.04573457345734
102.81421142114212
88.87706770677067
84.55300530053005
83.71461146114612
83.69420942094209
83.69400940094009
83.69380938093809
83.69380938093809
83.69380938093809
83.69380938093809
83.69380938093809
83.69380938093809
83.69380938093809
83.69380938093809
83.69380938093809
83.69380938093809
83.69380938093809
83.69380938093809
83.69380938093809
83.69380938093809
83.69380938093809
83.69380938093809
83.69380938093809
83.69380938093809
83.69380938093809
83.69380938093809
83.69380938093809
83.69380938093809
83.69380938093809
83.69380938093809
83.69380938093809
83.69380938093809
83.69380938093809
83.69380938093809
83.69380938093809
83.69380938093809
83.69380938093809
83.69380938093809
83.69380938093809
83.69380938093809
83.69380938093809
83.69380938093809
83.69380938093809
83.69380938093809
83.69380938093809
83.69380938093809
83.69380938093809
83.69380938093809
83.69380938093809
83.69380938093809
83.69380938093809
83.69380938093809
83.69380938093809
83.69380938093809
83.69380938093809
83.69380938093809
83.69380938093809
83.69380938093809
83.69380938093809
83.69380938093809
83.69380938093809
83.69380938093809
83.69380938093809
83.69380938093809
83.69380938093809
83.69380938093809
83.69380938093809
83.69380938093809
83.69380938093809
83.69380938093809
83.69380938093809
83.69380938093809
83.69380938093809
83.69380938093809
83.69380938093809
83.69380938093809
83.69380938093809
83.69380938093809
83.69380938093809
83.69380938093809
83.69380938093809
83.69380938093809
83.69380938093809
83.69380938093809
83.69380938093809
83.69380938093809
83.69380938093809
83.69380938093809
83.69380938093809
83.69380938093809
83.69380938093809
83.69380938093809
83.69380938093809
83.69380938093809
83.69380938093809
83.69380938093809
83.69380938093809
83.69380938093809
83.69380938093809
83.69380938093809
83.69380938093809
83.69380938093809
83.69380938093809
83.69380938093809
83.69380938093809
83.69380938093809
83.69380938093809
83.69380938093809
83.69380938093809
83.69380938093809
83.69380938093809
83.69380938093809
83.69380938093809
83.69380938093809
83.69380938093809
83.69380938093809
83.69380938093809
83.69380938093809
83.69380938093809
83.69380938093809
83.69380938093809
83.69380938093809
83.69380938093809
83.69380938093809
83.69380938093809
83.69380938093809
83.69380938093809
83.69380938093809
83.69380938093809
83.69380938093809
83.69380938093809
83.69380938093809
83.69380938093809
83.69380938093809
83.69380938093809
83.69380938093809
83.69380938093809
83.69380938093809
83.69380938093809
83.69380938093809
83.69380938093809
83.69380938093809
83.69380938093809
83.69380938093809
83.69380938093809
83.69380938093809
83.69380938093809
83.69380938093809
83.69380938093809
83.69380938093809
83.69380938093809
83.69380938093809
83.69380938093809
83.69380938093809
83.69380938093809
83.69380938093809
83.69380938093809
83.69380938093809
83.69380938093809
83.69380938093809
83.69380938093809
83.69380938093809
83.69380938093809
83.69380938093809
83.69380938093809
83.69380938093809
83.69380938093809
83.69380938093809
83.69380938093809
83.69380938093809
83.69380938093809
83.69380938093809
83.69380938093809
83.69380938093809
83.69380938093809
83.69380938093809
83.69380938093809
83.69380938093809
83.69380938093809
83.69380938093809
83.69380938093809
83.69380938093809
83.69380938093809
83.69380938093809
83.69380938093809
83.69380938093809
83.69380938093809
83.69380938093809
83.69380938093809
83.69380938093809
83.69380938093809
83.69380938093809
83.69380938093809
83.69380938093809
83.69380938093809
83.69380938093809
83.69380938093809
83.69380938093809
83.69380938093809
83.69380938093809
83.69380938093809
83.69380938093809
83.69380938093809
83.69380938093809
83.69380938093809
83.69380938093809
83.69380938093809
83.69380938093809
83.69380938093809
83.69380938093809
83.69380938093809
83.69380938093809
83.69380938093809
83.69380938093809
83.69380938093809
83.69380938093809
83.69380938093809
83.69380938093809
83.69380938093809
83.69380938093809
83.69380938093809
83.69380938093809
83.69380938093809
83.69380938093809
83.69380938093809
83.69380938093809
83.69380938093809
83.69380938093809
83.69380938093809
83.69380938093809
83.69380938093809
83.69380938093809
83.69380938093809
83.69380938093809
83.69380938093809
83.69380938093809
83.69380938093809
83.69380938093809
83.69380938093809
83.69380938093809
83.69380938093809
83.69380938093809
83.69380938093809
83.69380938093809
83.69380938093809
83.69380938093809
83.69380938093809
83.69380938093809
83.69380938093809
83.69380938093809
83.69380938093809
83.69380938093809
83.69380938093809
83.69380938093809
83.69380938093809
83.69380938093809
83.69380938093809
83.69380938093809
83.69380938093809
83.69380938093809
83.69380938093809
83.69380938093809
83.69380938093809
83.69380938093809
83.69380938093809
83.69380938093809
83.69380938093809
83.69380938093809
83.69380938093809
83.69380938093809
83.69380938093809
83.69380938093809
83.69380938093809
83.69380938093809
83.69380938093809
83.69380938093809
83.69380938093809
83.69380938093809
83.69380938093809
83.69380938093809
83.69380938093809
83.69380938093809
83.69380938093809
83.69380938093809
83.69380938093809
83.69380938093809
83.69380938093809
83.69380938093809
83.69380938093809
83.69380938093809
83.69380938093809
83.69380938093809
83.69380938093809
