2500.2500250025
1263.5389638963895
725.5921592159216
434.2876287628763
274.439503950395
182.98197819781979
131.0168416841684
97.41032103210321
74.47859785978598
60.0
50.585898589858985
45.05674567456746
42.559295929592956
40.77028702870287
40.39005900590059
40.1992799279928
40.198449844984495
40.198449844984495
40.198449844984495
40.198449844984495
40.198449844984495
40.198449844984495
40.198449844984495
40.198449844984495
40.198449844984495
40.198449844984495
40.198449844984495
40.198449844984495
40.198449844984495
40.198449844984495
40.198449844984495
40.198449844984495
40.198449844984495
40.198449844984495
40.198449844984495
40.198449844984495
40.198449844984495
40.198449844984495
40.198449844984495
40.198449844984495
40.198449844984495
40.198449844984495
40.198449844984495
40.198449844984495
40.198449844984495
40.198449844984495
40.198449844984495
40.198449844984495
40.198449844984495
40.198449844984495
40.198449844984495
40.198449844984495
40.198449844984495
40.198449844984495
40.198449844984495
40.198449844984495
40.198449844984495
40.198449844984495
40.198449844984495
40.198449844984495
40.198449844984495
40.198449844984495
40.198449844984495
40.198449844984495
40.198449844984495
40.198449844984495
40.198449844984495
40.198449844984495
40.198449844984495
40.198449844984495
40.198449844984495
40.198449844984495
40.198449844984495
40.198449844984495
40.198449844984495
40.198449844984495
40.198449844984495
40.198449844984495
40.198449844984495
40.198449844984495
40.198449844984495
40.198449844984495
40.198449844984495
40.198449844984495
40.198449844984495
40.198449844984495
40.198449844984495
40.198449844984495
40.198449844984495
40.198449844984495
40.198449844984495
40.198449844984495
40.198449844984495
40.198449844984495
40.198449844984495
40.198449844984495
40.198449844984495
40.198449844984495
40.198449844984495
40.198449844984495
40.198449844984495
40.198449844984495
40.198449844984495
40.198449844984495
40.198449844984495
40.198449844984495
40.198449844984495
40.198449844984495
40.198449844984495
40.198449844984495
40.198449844984495
40.198449844984495
40.198449844984495
40.198449844984495
40.198449844984495
40.198449844984495
40.198449844984495
40.198449844984495
40.198449844984495
40.198449844984495
40.198449844984495
40.198449844984495
40.198449844984495
40.198449844984495
40.198449844984495
40.198449844984495
40.198449844984495
40.198449844984495
40.198449844984495
40.198449844984495
40.198449844984495
40.198449844984495
40.198449844984495
40.198449844984495
40.198449844984495
40.198449844984495
40.198449844984495
40.198449844984495
40.198449844984495
40.198449844984495
40.198449844984495
40.198449844984495
40.198449844984495
40.198449844984495
40.198449844984495
40.198449844984495
40.198449844984495
40.198449844984495
40.198449844984495
40.198449844984495
40.198449844984495
40.198449844984495
40.198449844984495
40.198449844984495
40.198449844984495
40.198449844984495
40.198449844984495
40.198449844984495
40.198449844984495
40.198449844984495
40.198449844984495
40.198449844984495
40.198449844984495
40.198449844984495
40.198449844984495
40.198449844984495
40.198449844984495
40.198449844984495
40.198449844984495
40.198449844984495
40.198449844984495
40.198449844984495
40.198449844984495
40.198449844984495
40.198449844984495
40.198449844984495
40.198449844984495
40.198449844984495
40.198449844984495
40.198449844984495
40.198449844984495
40.198449844984495
40.198449844984495
40.198449844984495
40.198449844984495
40.198449844984495
40.198449844984495
40.198449844984495
40.198449844984495
40.198449844984495
40.198449844984495
40.198449844984495
40.198449844984495
40.198449844984495
40.198449844984495
40.198449844984495
40.198449844984495
40.198449844984495
40.198449844984495
40.198449844984495
40.198449844984495
40.198449844984495
40.198449844984495
40.198449844984495
40.198449844984495
40.198449844984495
40.198449844984495
40.198449844984495
40.198449844984495
40.198449844984495
40.198449844984495
40.198449844984495
40.198449844984495
40.198449844984495
40.198449844984495
40.198449844984495
40.198449844984495
40.198449844984495
40.198449844984495
40.198449844984495
40.198449844984495
40.198449844984495
40.198449844984495
40.198449844984495
40.198449844984495
40.198449844984495
40.198449844984495
40.198449844984495
40.198449844984495
40.198449844984495
40.198449844984495
40.198449844984495
40.198449844984495
40.198449844984495
40.198449844984495
40.198449844984495
40.198449844984495
40.198449844984495
40.198449844984495
40.198449844984495
40.198449844984495
40.198449844984495
40.198449844984495
40.198449844984495
40.198449844984495
40.198449844984495
40.198449844984495
40.198449844984495
40.198449844984495
40.198449844984495
40.198449844984495
40.198449844984495
40.198449844984495
40.198449844984495
40.198449844984495
40.198449844984495
40.198449844984495
40.198449844984495
40.198449844984495
40.198449844984495
40.198449844984495
40.198449844984495
40.198449844984495
40.198449844984495
40.198449844984495
40.198449844984495
40.198449844984495
40.198449844984495
40.198449844984495
40.198449844984495
40.198449844984495
40.198449844984495
40.198449844984495
40.198449844984495
40.198449844984495
40.198449844984495
40.198449844984495
40.198449844984495
40.198449844984495
40.198449844984495
40.198449844984495
40.198449844984495
40.198449844984495
40.198449844984495
40.198449844984495
40.198449844984495
40.198449844984495
40.198449844984495
40.198449844984495
40.198449844984495
40.198449844984495
40.198449844984495
40.198449844984495
40.198449844984495
40.198449844984495
40.198449844984495
40.198449844984495
40.198449844984495
40.198449844984495
40.198449844984495
