1.8999099909991
1.8992699269926994
1.8987198719871987
1.8982498249824982
1.8978297829782977
1.8975097509750976
1.8973897389738974
1.8972997299729972
1.8972797279727973
1.8972597259725972
1.8972597259725972
1.8972597259725972
1.8972597259725972
1.8972597259725972
1.8972597259725972
1.8972597259725972
1.8972597259725972
1.8972597259725972
1.8972597259725972
1.8972597259725972
1.8972597259725972
1.8972597259725972
1.8972597259725972
1.8972597259725972
1.8972597259725972
1.8972597259725972
1.8972597259725972
1.8972597259725972
1.8972597259725972
1.8972597259725972
1.8972597259725972
1.8972597259725972
1.8972597259725972
1.8972597259725972
1.8972597259725972
1.8972597259725972
1.8972597259725972
1.8972597259725972
1.8972597259725972
1.8972597259725972
1.8972597259725972
1.8972597259725972
1.8972597259725972
1.8972597259725972
1.8972597259725972
1.8972597259725972
1.8972597259725972
1.8972597259725972
1.8972597259725972
1.8972597259725972
1.8972597259725972
1.8972597259725972
1.8972597259725972
1.8972597259725972
1.8972597259725972
1.8972597259725972
1.8972597259725972
1.8972597259725972
1.8972597259725972
1.8972597259725972
1.8972597259725972
1.8972597259725972
1.8972597259725972
1.8972597259725972
1.8972597259725972
1.8972597259725972
1.8972597259725972
1.8972597259725972
1.8972597259725972
1.8972597259725972
1.8972597259725972
1.8972597259725972
1.8972597259725972
1.8972597259725972
1.8972597259725972
1.8972597259725972
1.8972597259725972
1.8972597259725972
1.8972597259725972
1.8972597259725972
1.8972597259725972
1.8972597259725972
1.8972597259725972
1.8972597259725972
1.8972597259725972
1.8972597259725972
1.8972597259725972
1.8972597259725972
1.8972597259725972
1.8972597259725972
1.8972597259725972
1.8972597259725972
1.8972597259725972
1.8972597259725972
1.8972597259725972
1.8972597259725972
1.8972597259725972
1.8972597259725972
1.8972597259725972
1.8972597259725972
1.8972597259725972
1.8972597259725972
1.8972597259725972
1.8972597259725972
1.8972597259725972
1.8972597259725972
1.8972597259725972
1.8972597259725972
1.8972597259725972
1.8972597259725972
1.8972597259725972
1.8972597259725972
1.8972597259725972
1.8972597259725972
1.8972597259725972
1.8972597259725972
1.8972597259725972
1.8972597259725972
1.8972597259725972
1.8972597259725972
1.8972597259725972
1.8972597259725972
1.8972597259725972
1.8972597259725972
1.8972597259725972
1.8972597259725972
1.8972597259725972
1.8972597259725972
1.8972597259725972
1.8972597259725972
1.8972597259725972
1.8972597259725972
1.8972597259725972
1.8972597259725972
1.8972597259725972
1.8972597259725972
1.8972597259725972
1.8972597259725972
1.8972597259725972
1.8972597259725972
1.8972597259725972
1.8972597259725972
1.8972597259725972
1.8972597259725972
1.8972597259725972
1.8972597259725972
1.8972597259725972
1.8972597259725972
1.8972597259725972
1.8972597259725972
1.8972597259725972
1.8972597259725972
1.8972597259725972
1.8972597259725972
1.8972597259725972
1.8972597259725972
1.8972597259725972
1.8972597259725972
1.8972597259725972
1.8972597259725972
1.8972597259725972
1.8972597259725972
1.8972597259725972
1.8972597259725972
1.8972597259725972
1.8972597259725972
1.8972597259725972
1.8972597259725972
1.8972597259725972
1.8972597259725972
1.8972597259725972
1.8972597259725972
1.8972597259725972
1.8972597259725972
1.8972597259725972
1.8972597259725972
1.8972597259725972
1.8972597259725972
1.8972597259725972
1.8972597259725972
1.8972597259725972
1.8972597259725972
1.8972597259725972
1.8972597259725972
1.8972597259725972
1.8972597259725972
1.8972597259725972
1.8972597259725972
1.8972597259725972
1.8972597259725972
1.8972597259725972
1.8972597259725972
1.8972597259725972
1.8972597259725972
1.8972597259725972
1.8972597259725972
1.8972597259725972
1.8972597259725972
1.8972597259725972
1.8972597259725972
1.8972597259725972
1.8972597259725972
1.8972597259725972
1.8972597259725972
1.8972597259725972
1.8972597259725972
1.8972597259725972
1.8972597259725972
1.8972597259725972
1.8972597259725972
1.8972597259725972
1.8972597259725972
1.8972597259725972
1.8972597259725972
1.8972597259725972
1.8972597259725972
1.8972597259725972
1.8972597259725972
1.8972597259725972
1.8972597259725972
1.8972597259725972
1.8972597259725972
1.8972597259725972
1.8972597259725972
1.8972597259725972
1.8972597259725972
1.8972597259725972
1.8972597259725972
1.8972597259725972
1.8972597259725972
1.8972597259725972
1.8972597259725972
1.8972597259725972
1.8972597259725972
1.8972597259725972
1.8972597259725972
1.8972597259725972
1.8972597259725972
1.8972597259725972
1.8972597259725972
1.8972597259725972
1.8972597259725972
1.8972597259725972
1.8972597259725972
1.8972597259725972
1.8972597259725972
1.8972597259725972
1.8972597259725972
1.8972597259725972
1.8972597259725972
1.8972597259725972
1.8972597259725972
1.8972597259725972
1.8972597259725972
1.8972597259725972
1.8972597259725972
1.8972597259725972
1.8972597259725972
1.8972597259725972
1.8972597259725972
1.8972597259725972
1.8972597259725972
1.8972597259725972
1.8972597259725972
1.8972597259725972
1.8972597259725972
1.8972597259725972
1.8972597259725972
1.8972597259725972
1.8972597259725972
1.8972597259725972
1.8972597259725972
1.8972597259725972
1.8972597259725972
1.8972597259725972
1.8972597259725972
1.8972597259725972
1.8972597259725972
1.8972597259725972
1.8972597259725972
1.8972597259725972
1.8972597259725972
1.8972597259725972
1.8972597259725972
1.8972597259725972
1.8972597259725972
1.8972597259725972
1.8972597259725972
1.8972597259725972
1.8972597259725972
1.8972597259725972
1.8972597259725972
1.8972597259725972
1.8972597259725972
1.8972597259725972
1.8972597259725972
1.8972597259725972
1.8972597259725972
1.8972597259725972
1.8972597259725972
