1.8999099909991
1.8992699269926994
1.8986798679867987
1.8981798179817981
1.8978397839783978
1.8974797479747976
1.8973797379737973
1.8972997299729972
1.8972997299729972
1.8972997299729972
1.8972997299729972
1.8972997299729972
1.8972997299729972
1.8972997299729972
1.8972997299729972
1.8972997299729972
1.8972997299729972
1.8972997299729972
1.8972997299729972
1.8972997299729972
1.8972997299729972
1.8972997299729972
1.8972997299729972
1.8972997299729972
1.8972997299729972
1.8972997299729972
1.8972997299729972
1.8972997299729972
1.8972997299729972
1.8972997299729972
1.8972997299729972
1.8972997299729972
1.8972997299729972
1.8972997299729972
1.8972997299729972
1.8972997299729972
1.8972997299729972
1.8972997299729972
1.8972997299729972
1.8972997299729972
1.8972997299729972
1.8972997299729972
1.8972997299729972
1.8972997299729972
1.8972997299729972
1.8972997299729972
1.8972997299729972
1.8972997299729972
1.8972997299729972
1.8972997299729972
1.8972997299729972
1.8972997299729972
1.8972997299729972
1.8972997299729972
1.8972997299729972
1.8972997299729972
1.8972997299729972
1.8972997299729972
1.8972997299729972
1.8972997299729972
1.8972997299729972
1.8972997299729972
1.8972997299729972
1.8972997299729972
1.8972997299729972
1.8972997299729972
1.8972997299729972
1.8972997299729972
1.8972997299729972
1.8972997299729972
1.8972997299729972
1.8972997299729972
1.8972997299729972
1.8972997299729972
1.8972997299729972
1.8972997299729972
1.8972997299729972
1.8972997299729972
1.8972997299729972
1.8972997299729972
1.8972997299729972
1.8972997299729972
1.8972997299729972
1.8972997299729972
1.8972997299729972
1.8972997299729972
1.8972997299729972
1.8972997299729972
1.8972997299729972
1.8972997299729972
1.8972997299729972
1.8972997299729972
1.8972997299729972
1.8972997299729972
1.8972997299729972
1.8972997299729972
1.8972997299729972
1.8972997299729972
1.8972997299729972
1.8972997299729972
1.8972997299729972
1.8972997299729972
1.8972997299729972
1.8972997299729972
1.8972997299729972
1.8972997299729972
1.8972997299729972
1.8972997299729972
1.8972997299729972
1.8972997299729972
1.8972997299729972
1.8972997299729972
1.8972997299729972
1.8972997299729972
1.8972997299729972
1.8972997299729972
1.8972997299729972
1.8972997299729972
1.8972997299729972
1.8972997299729972
1.8972997299729972
1.8972997299729972
1.8972997299729972
1.8972997299729972
1.8972997299729972
1.8972997299729972
1.8972997299729972
1.8972997299729972
1.8972997299729972
1.8972997299729972
1.8972997299729972
1.8972997299729972
1.8972997299729972
1.8972997299729972
1.8972997299729972
1.8972997299729972
1.8972997299729972
1.8972997299729972
1.8972997299729972
1.8972997299729972
1.8972997299729972
1.8972997299729972
1.8972997299729972
1.8972997299729972
1.8972997299729972
1.8972997299729972
1.8972997299729972
1.8972997299729972
1.8972997299729972
1.8972997299729972
1.8972997299729972
1.8972997299729972
1.8972997299729972
1.8972997299729972
1.8972997299729972
1.8972997299729972
1.8972997299729972
1.8972997299729972
1.8972997299729972
1.8972997299729972
1.8972997299729972
1.8972997299729972
1.8972997299729972
1.8972997299729972
1.8972997299729972
1.8972997299729972
1.8972997299729972
1.8972997299729972
1.8972997299729972
1.8972997299729972
1.8972997299729972
1.8972997299729972
1.8972997299729972
1.8972997299729972
1.8972997299729972
1.8972997299729972
1.8972997299729972
1.8972997299729972
1.8972997299729972
1.8972997299729972
1.8972997299729972
1.8972997299729972
1.8972997299729972
1.8972997299729972
1.8972997299729972
1.8972997299729972
1.8972997299729972
1.8972997299729972
1.8972997299729972
1.8972997299729972
1.8972997299729972
1.8972997299729972
1.8972997299729972
1.8972997299729972
1.8972997299729972
1.8972997299729972
1.8972997299729972
1.8972997299729972
1.8972997299729972
1.8972997299729972
1.8972997299729972
1.8972997299729972
1.8972997299729972
1.8972997299729972
1.8972997299729972
1.8972997299729972
1.8972997299729972
1.8972997299729972
1.8972997299729972
1.8972997299729972
1.8972997299729972
1.8972997299729972
1.8972997299729972
1.8972997299729972
1.8972997299729972
1.8972997299729972
1.8972997299729972
1.8972997299729972
1.8972997299729972
1.8972997299729972
1.8972997299729972
1.8972997299729972
1.8972997299729972
1.8972997299729972
1.8972997299729972
1.8972997299729972
1.8972997299729972
1.8972997299729972
1.8972997299729972
1.8972997299729972
1.8972997299729972
1.8972997299729972
1.8972997299729972
1.8972997299729972
1.8972997299729972
1.8972997299729972
1.8972997299729972
1.8972997299729972
1.8972997299729972
1.8972997299729972
1.8972997299729972
1.8972997299729972
1.8972997299729972
1.8972997299729972
1.8972997299729972
1.8972997299729972
1.8972997299729972
1.8972997299729972
1.8972997299729972
1.8972997299729972
1.8972997299729972
1.8972997299729972
1.8972997299729972
1.8972997299729972
1.8972997299729972
1.8972997299729972
1.8972997299729972
1.8972997299729972
1.8972997299729972
1.8972997299729972
1.8972997299729972
1.8972997299729972
1.8972997299729972
1.8972997299729972
1.8972997299729972
1.8972997299729972
1.8972997299729972
1.8972997299729972
1.8972997299729972
1.8972997299729972
1.8972997299729972
1.8972997299729972
1.8972997299729972
1.8972997299729972
1.8972997299729972
1.8972997299729972
1.8972997299729972
1.8972997299729972
1.8972997299729972
1.8972997299729972
1.8972997299729972
1.8972997299729972
1.8972997299729972
1.8972997299729972
1.8972997299729972
1.8972997299729972
1.8972997299729972
1.8972997299729972
1.8972997299729972
1.8972997299729972
1.8972997299729972
1.8972997299729972
1.8972997299729972
1.8972997299729972
1.8972997299729972
1.8972997299729972
1.8972997299729972
1.8972997299729972
1.8972997299729972
1.8972997299729972
